model_type: POLYFISHEYE
camera_topic: /multi/camera0/image_raw
fisheye_image_width: 752
fisneye_image_height: 480
projection_parameters:
   k2: -1.2340065614968972e-01
   k3: 5.6368420157463472e-01
   k4: -8.2715419240911447e-01
   k5: 7.2161281229572372e-01
   k6: -3.0087280670933558e-01
   k7: 4.7776900389029521e-02
   A11: 1.7896780618164024e+02
   A12: 1.3650104812401379e-02
   A22: 1.7888508276516842e+02
   u0: 3.7368942301493990e+02
   v0: 2.4953033700585644e+02

pinhole_image_width: 752
pinhole_image_height: 480
pinhole_fx: 188
pinhole_fy: 188
fisheye_camera_T: [1, 0, 0, 0,
                  0, 1, 0, 0,
                  0, 0, 1, 0]